mode,epoch,train_loss,val_loss,acc_or_blank,P,R,IoU_or_F1,mAP_or_blank
class,1,0.3924,1.4746,0.7368,0.3684,0.5000,0.4242,
class,2,0.2077,1.3919,0.7368,0.3684,0.5000,0.4242,
class,3,0.1570,1.6520,0.7368,0.3684,0.5000,0.4242,
class,4,0.1613,1.5867,0.7368,0.3684,0.5000,0.4242,
class,5,0.1260,1.1836,0.7325,0.3678,0.4970,0.4228,
class,6,0.1048,2.0890,0.7368,0.3684,0.5000,0.4242,
class,7,0.0844,2.0874,0.7368,0.3684,0.5000,0.4242,
class,8,0.0607,2.3720,0.7368,0.3684,0.5000,0.4242,
class,9,0.0657,2.0769,0.7368,0.3684,0.5000,0.4242,
class,10,0.0397,2.5502,0.7368,0.3684,0.5000,0.4242,
class,11,0.0424,2.4641,0.7368,0.3684,0.5000,0.4242,
class,1,0.4316,1.2620,0.7368,0.3684,0.5000,0.4242,
class,2,0.2003,1.3546,0.7368,0.3684,0.5000,0.4242,
class,3,0.1607,1.4390,0.7368,0.3684,0.5000,0.4242,
class,4,0.1525,1.4095,0.7368,0.3684,0.5000,0.4242,
class,5,0.1239,1.3396,0.7368,0.3684,0.5000,0.4242,
class,6,0.1014,1.8559,0.7368,0.3684,0.5000,0.4242,
class,7,0.0884,1.8856,0.7368,0.3684,0.5000,0.4242,
class,8,0.0870,2.0598,0.7368,0.3684,0.5000,0.4242,
class,9,0.0741,2.0538,0.7368,0.3684,0.5000,0.4242,
class,10,0.0554,2.2869,0.7368,0.3684,0.5000,0.4242,
class,11,0.0382,2.4480,0.7368,0.3684,0.5000,0.4242,
class,1,0.3710,1.2571,0.7368,0.3684,0.5000,0.4242,
class,2,0.1767,1.3033,0.7368,0.3684,0.5000,0.4242,
class,3,0.1456,1.3651,0.7368,0.3684,0.5000,0.4242,
class,4,0.1264,1.3583,0.7368,0.3684,0.5000,0.4242,
class,5,0.1167,1.2352,0.7368,0.3684,0.5000,0.4242,
class,6,0.0799,1.8234,0.7368,0.3684,0.5000,0.4242,
class,7,0.0632,1.9123,0.7368,0.3684,0.5000,0.4242,
class,8,0.0851,2.1045,0.7368,0.3684,0.5000,0.4242,
class,9,0.0615,2.0956,0.7368,0.3684,0.5000,0.4242,
class,10,0.0407,2.2883,0.7368,0.3684,0.5000,0.4242,
class,11,0.0359,2.3614,0.7368,0.3684,0.5000,0.4242,
class,1,0.3268,1.1103,0.7368,0.3684,0.5000,0.4242,
class,2,0.1591,1.2527,0.7368,0.3684,0.5000,0.4242,
class,3,0.1250,1.4641,0.7368,0.3684,0.5000,0.4242,
class,4,0.1204,1.3871,0.7368,0.3684,0.5000,0.4242,
class,5,0.1059,1.1958,0.7325,0.3678,0.4970,0.4228,
class,6,0.0787,1.5382,0.7368,0.3684,0.5000,0.4242,
class,7,0.0611,1.7717,0.7368,0.3684,0.5000,0.4242,
class,8,0.0645,1.9317,0.7368,0.3684,0.5000,0.4242,
class,9,0.0587,1.7830,0.7368,0.3684,0.5000,0.4242,
class,10,0.0446,2.0386,0.7368,0.3684,0.5000,0.4242,
class,11,0.0269,2.1502,0.7368,0.3684,0.5000,0.4242,
class,1,0.1408,0.1587,0.7368,0.3684,0.5000,0.4242,0.0000,1.0000
class,2,0.0998,0.2249,0.7368,0.3684,0.5000,0.4242,0.0000,1.0000
class,3,0.0740,0.4116,0.7325,0.3678,0.4970,0.4228,0.0000,0.9940
class,4,0.0507,0.6274,0.7325,0.3678,0.4970,0.4228,0.0000,0.9940
class,5,0.0473,0.7528,0.7368,0.3684,0.5000,0.4242,0.0000,1.0000
class,6,0.0295,0.6874,0.7368,0.3684,0.5000,0.4242,0.0000,1.0000
class,7,0.0383,0.6869,0.7368,0.3684,0.5000,0.4242,0.0000,1.0000
class,8,0.0282,0.7750,0.7368,0.3684,0.5000,0.4242,0.0000,1.0000
class,9,0.0253,0.7692,0.7368,0.3684,0.5000,0.4242,0.0000,1.0000
class,10,0.0198,0.8093,0.7368,0.3684,0.5000,0.4242,0.0000,1.0000
class,11,0.0201,0.7799,0.7368,0.3684,0.5000,0.4242,0.0000,1.0000
class,12,0.0143,0.8291,0.7368,0.3684,0.5000,0.4242,0.0000,1.0000
class,13,0.0146,0.8366,0.7368,0.3684,0.5000,0.4242,0.0000,1.0000
class,14,0.0117,0.9283,0.7368,0.3684,0.5000,0.4242,0.0000,1.0000
class,15,0.0099,0.8804,0.7368,0.3684,0.5000,0.4242,0.0000,1.0000
class,16,0.0093,0.9195,0.7368,0.3684,0.5000,0.4242,0.0000,1.0000
class,1,0.1512,0.1298,0.7368,0.6250,0.5321,0.5052,0.1000,0.9643
class,2,0.1269,0.1331,0.7281,0.5716,0.5155,0.4768,0.0667,0.9643
class,3,0.1116,0.1304,0.7018,0.4147,0.4815,0.4262,0.0167,0.9464
class,4,0.0904,0.2323,0.7368,0.6195,0.5054,0.4400,0.0167,0.9940
class,5,0.0652,0.4792,0.7368,0.3684,0.5000,0.4242,0.0000,1.0000
class,6,0.0450,0.5556,0.7368,0.3684,0.5000,0.4242,0.0000,1.0000
class,7,0.0473,0.5834,0.7368,0.3684,0.5000,0.4242,0.0000,1.0000
class,8,0.0398,0.6420,0.7368,0.3684,0.5000,0.4242,0.0000,1.0000
class,9,0.0373,0.6399,0.7368,0.3684,0.5000,0.4242,0.0000,1.0000
class,10,0.0287,0.7150,0.7368,0.3684,0.5000,0.4242,0.0000,1.0000
class,11,0.0309,0.6728,0.7368,0.3684,0.5000,0.4242,0.0000,1.0000
class,12,0.0237,0.7055,0.7368,0.3684,0.5000,0.4242,0.0000,1.0000
class,13,0.0292,0.6946,0.7368,0.3684,0.5000,0.4242,0.0000,1.0000
class,14,0.0194,0.7604,0.7368,0.3684,0.5000,0.4242,0.0000,1.0000
class,15,0.0217,0.7180,0.7368,0.3684,0.5000,0.4242,0.0000,1.0000
class,16,0.0192,0.8101,0.7368,0.3684,0.5000,0.4242,0.0000,1.0000
det,1,3.1428,0.0000,,0.0000,0.0000,0.0000,0.0000
det,2,2.2178,0.0000,,0.0000,0.0000,0.0000,0.0000
det,3,2.0244,0.0000,,0.0000,0.0000,0.0000,0.0000
det,4,1.8786,0.0000,,0.0000,0.0000,0.0000,0.0000
det,5,1.7741,0.0000,,0.0000,0.0000,0.0000,0.0000
det,6,1.7159,0.0000,,0.0000,0.0000,0.0000,0.0000
det,7,1.6230,0.0000,,0.0000,0.0000,0.0000,0.0000
det,8,1.5509,0.0000,,0.0000,0.0000,0.0000,0.0000
det,9,1.5133,0.0000,,0.0000,0.0000,0.0000,0.0000
det,10,1.4959,0.0000,,0.0000,0.0000,0.0000,0.0000
det,11,1.4656,0.0000,,0.0000,0.0000,0.0000,0.0000
det,12,1.4162,0.0000,,0.0000,0.0000,0.0000,0.0000
det,13,1.3741,0.0000,,0.0000,0.0000,0.0000,0.0000
det,14,1.3869,0.0000,,0.0000,0.0000,0.0000,0.0000
det,15,1.3557,0.0000,,0.0000,0.0000,0.0000,0.0000
det,16,1.3251,0.0000,,0.0000,0.0000,0.0000,0.0000
det,17,1.3035,0.0000,,0.0000,0.0000,0.0000,0.0000
det,18,1.2858,0.0000,,0.0000,0.0000,0.0000,0.0000
det,19,1.2913,0.0000,,0.0000,0.0000,0.0000,0.0000
det,20,1.2687,0.0000,,0.0000,0.0000,0.0000,0.0000
det,21,1.2610,0.0000,,0.0000,0.0000,0.0000,0.0000
det,22,1.2347,0.0000,,0.0000,0.0000,0.0000,0.0000
det,23,1.2125,0.0000,,0.0000,0.0000,0.0000,0.0000
det,24,1.2021,0.0000,,0.0000,0.0000,0.0000,0.0000
det,25,1.1896,0.0000,,0.0000,0.0000,0.0000,0.0000
det,26,1.1929,0.0000,,0.0000,0.0000,0.0000,0.0000
det,27,1.1758,0.0000,,0.0000,0.0000,0.0000,0.0000
det,1,3.0256,3.0730,,0.6009,0.6425,0.4245,0.4713
det,2,2.0214,2.8554,,0.7346,0.7420,0.5241,0.5685
det,3,1.8845,3.0141,,0.7544,0.7463,0.5308,0.5889
det,4,1.7515,3.3006,,0.6469,0.6469,0.4654,0.4617
det,5,1.6718,3.1822,,0.7719,0.7683,0.5482,0.6302
det,6,1.5947,3.4203,,0.7149,0.7200,0.4899,0.5343
det,7,1.5277,3.7991,,0.6118,0.6162,0.4383,0.3984
det,8,1.4783,3.7026,,0.6842,0.6923,0.4900,0.5285
det,9,1.4201,3.5876,,0.6294,0.6316,0.4312,0.4518
det,10,1.3724,3.4313,,0.7105,0.7003,0.5183,0.5600
det,11,1.3369,3.1413,,0.6908,0.6871,0.5067,0.5160
det,12,1.2969,3.3848,,0.6053,0.6001,0.4282,0.3718
det,13,1.2598,3.2331,,0.6988,0.6959,0.4999,0.5281
det,14,1.2337,4.1716,,0.7368,0.7310,0.5235,0.6060
det,15,1.2382,3.3619,,0.6996,0.7025,0.5050,0.5676
det,16,1.1947,3.6652,,0.7149,0.7091,0.5156,0.5817
det,17,1.1625,3.4953,,0.6469,0.6389,0.4680,0.4537
det,18,1.1421,3.6244,,0.6974,0.6923,0.5002,0.5717
det,19,1.1326,3.2318,,0.6886,0.7047,0.5061,0.5773
det,20,1.1153,3.4794,,0.6864,0.6827,0.4994,0.5581
det,21,1.0914,3.2699,,0.6199,0.6213,0.4492,0.4407
det,22,1.0599,3.8159,,0.7215,0.7134,0.5230,0.5994
det,23,1.0746,3.7250,,0.6535,0.6520,0.4893,0.5134
det,24,1.0618,3.4544,,0.7346,0.7266,0.5320,0.6204
det,25,1.0252,3.7885,,0.7193,0.7091,0.5196,0.5944
det,26,1.0266,3.7628,,0.7171,0.7091,0.5194,0.6000
det,27,0.9935,4.0691,,0.6754,0.6696,0.4900,0.5584
det,28,0.9837,4.0421,,0.6974,0.6915,0.5023,0.5789
det,29,0.9765,4.1712,,0.6886,0.6871,0.5024,0.5723
det,30,0.9459,3.6103,,0.6996,0.6959,0.5098,0.5897
det,31,0.9563,4.0161,,0.6864,0.6784,0.4951,0.5716
det,32,0.9388,3.6971,,0.6711,0.6696,0.4887,0.5425
det,33,0.9388,3.9639,,0.7018,0.6959,0.5057,0.5782
det,34,0.9230,3.8974,,0.7303,0.7222,0.5361,0.6166
det,35,0.9049,3.9054,,0.7105,0.7047,0.5209,0.5986
det,36,0.9134,4.0436,,0.7522,0.7442,0.5455,0.6546
det,37,0.8711,4.3627,,0.7654,0.7573,0.5532,0.6591
det,38,0.8843,4.1072,,0.7149,0.7091,0.5147,0.5943
det,39,0.9027,4.2011,,0.6930,0.6871,0.5100,0.5656
det,40,0.8765,3.9031,,0.6864,0.6827,0.5091,0.5636
det,41,0.8789,3.9373,,0.6776,0.6740,0.5015,0.5428
det,42,0.8531,4.4718,,0.6754,0.6696,0.4983,0.5453
det,43,0.8565,3.9464,,0.6952,0.6915,0.5060,0.5850
det,44,0.8507,4.0438,,0.7303,0.7222,0.5230,0.6185
det,45,0.8602,3.8868,,0.7149,0.7091,0.5227,0.5959
det,46,0.8510,4.0277,,0.7412,0.7354,0.5312,0.6344
det,47,0.8545,4.0815,,0.7149,0.7091,0.5177,0.5924
det,48,0.8411,3.9943,,0.7061,0.7003,0.5121,0.5821
det,49,0.8431,3.8623,,0.6908,0.6827,0.5040,0.5650
det,50,0.8452,3.7076,,0.7368,0.7310,0.5338,0.6219
class,1,0.1414,0.1230,0.7588,0.7381,0.8042,0.7374,0.9000,0.7083
class,2,0.1096,0.1079,0.7807,0.7495,0.8137,0.7564,0.8833,0.7440
class,3,0.1098,0.0912,0.8684,0.8266,0.8464,0.8355,0.8000,0.8929
class,4,0.0977,0.1023,0.7895,0.7708,0.8464,0.7715,0.9667,0.7262
class,5,0.0759,0.0885,0.8289,0.7977,0.8732,0.8094,0.9667,0.7798
class,6,0.0523,0.0764,0.8640,0.8248,0.8917,0.8433,0.9500,0.8333
class,7,0.0382,0.1064,0.8509,0.8191,0.8988,0.8333,1.0000,0.7976
class,8,0.0250,0.0580,0.9342,0.9000,0.9554,0.9211,1.0000,0.9107
class,9,0.0207,0.0633,0.9298,0.8947,0.9524,0.9162,1.0000,0.9048
class,10,0.0160,0.0400,0.9693,0.9478,0.9792,0.9618,1.0000,0.9583
class,11,0.0127,0.0309,0.9693,0.9543,0.9685,0.9610,0.9667,0.9702
class,12,0.0110,0.0228,0.9737,0.9617,0.9714,0.9664,0.9667,0.9762
class,13,0.0079,0.0813,0.9518,0.9225,0.9673,0.9411,1.0000,0.9345
class,14,0.0058,0.0244,0.9561,0.9648,0.9220,0.9408,0.8500,0.9940
class,15,0.0047,0.0272,0.9781,0.9615,0.9851,0.9724,1.0000,0.9702
class,16,0.0046,0.0479,0.9737,0.9545,0.9821,0.9671,1.0000,0.9643
class,17,0.0018,0.0126,0.9825,0.9728,0.9827,0.9776,0.9833,0.9821
class,18,0.0019,0.0475,0.9693,0.9508,0.9738,0.9614,0.9833,0.9643
class,19,0.0041,0.0437,0.9737,0.9545,0.9821,0.9671,1.0000,0.9643
class,20,0.0016,0.0729,0.9649,0.9412,0.9762,0.9566,1.0000,0.9524
class,21,0.0031,0.0399,0.9781,0.9652,0.9798,0.9722,0.9833,0.9762
class,22,0.0003,0.0277,0.9825,0.9688,0.9881,0.9778,1.0000,0.9762
class,23,0.0004,0.0302,0.9781,0.9652,0.9798,0.9722,0.9833,0.9762
class,24,0.0005,0.0387,0.9649,0.9706,0.9387,0.9532,0.8833,0.9940
class,25,0.0002,0.0402,0.9737,0.9617,0.9714,0.9664,0.9667,0.9762
class,26,0.0010,0.0191,0.9781,0.9795,0.9637,0.9713,0.9333,0.9940
class,27,0.0002,0.0578,0.9737,0.9579,0.9768,0.9668,0.9833,0.9702
class,28,0.0019,0.0889,0.9693,0.9508,0.9738,0.9614,0.9833,0.9643
class,29,0.0014,0.0265,0.9781,0.9694,0.9744,0.9719,0.9667,0.9821
class,30,0.0011,0.0473,0.9649,0.9506,0.9601,0.9552,0.9500,0.9702
class,31,0.0009,0.0181,0.9737,0.9710,0.9607,0.9657,0.9333,0.9881
class,32,0.0001,0.0287,0.9737,0.9617,0.9714,0.9664,0.9667,0.9762
class,33,0.0001,0.0323,0.9737,0.9617,0.9714,0.9664,0.9667,0.9762
class,34,0.0001,0.0377,0.9737,0.9617,0.9714,0.9664,0.9667,0.9762
class,35,0.0001,0.0309,0.9737,0.9617,0.9714,0.9664,0.9667,0.9762
class,36,0.0001,0.0280,0.9737,0.9617,0.9714,0.9664,0.9667,0.9762
class,37,0.0001,0.0342,0.9737,0.9617,0.9714,0.9664,0.9667,0.9762
class,1,0.1701,0.1456,0.7500,0.7259,0.7875,0.7264,0.8667,0.7083
class,2,0.1602,0.1472,0.7325,0.7187,0.7810,0.7118,0.8833,0.6786
class,3,0.1618,0.1390,0.7588,0.7348,0.7988,0.7360,0.8833,0.7143
class,4,0.1622,0.1324,0.7719,0.7435,0.8077,0.7482,0.8833,0.7321
class,5,0.1514,0.1258,0.8026,0.7634,0.8232,0.7757,0.8667,0.7798
class,6,0.1461,0.1406,0.6491,0.7143,0.7619,0.6438,1.0000,0.5238
class,7,0.1301,0.0801,0.8772,0.8373,0.8577,0.8465,0.8167,0.8988
class,8,0.1145,0.0760,0.8596,0.8224,0.8940,0.8399,0.9667,0.8214
class,9,0.1072,0.0616,0.9123,0.8754,0.9244,0.8943,0.9500,0.8988
class,10,0.0998,0.0605,0.9167,0.8807,0.9274,0.8992,0.9500,0.9048
class,11,0.0951,0.0576,0.8991,0.8603,0.9101,0.8790,0.9333,0.8869
class,12,0.0943,0.0486,0.9211,0.8927,0.9089,0.9003,0.8833,0.9345
class,13,0.0880,0.0635,0.9254,0.8901,0.9440,0.9106,0.9833,0.9048
class,14,0.0862,0.0572,0.9167,0.8801,0.9327,0.9000,0.9667,0.8988
class,15,0.0806,0.0450,0.9342,0.9021,0.9446,0.9197,0.9667,0.9226
class,16,0.0819,0.0539,0.9386,0.9065,0.9530,0.9254,0.9833,0.9226
class,17,0.0800,0.0692,0.9211,0.8846,0.9464,0.9065,1.0000,0.8929
class,18,0.0763,0.0430,0.9430,0.9214,0.9345,0.9276,0.9167,0.9524
class,19,0.0786,0.0438,0.9430,0.9140,0.9506,0.9297,0.9667,0.9345
class,20,0.0759,0.0479,0.9474,0.9167,0.9643,0.9360,1.0000,0.9286
class,21,0.0761,0.0675,0.9211,0.8846,0.9464,0.9065,1.0000,0.8929
class,22,0.0750,0.0353,0.9518,0.9358,0.9405,0.9381,0.9167,0.9643
class,23,0.0740,0.0423,0.9518,0.9244,0.9619,0.9405,0.9833,0.9405
class,24,0.0708,0.0486,0.9474,0.9167,0.9643,0.9360,1.0000,0.9286
class,25,0.0677,0.0403,0.9474,0.9183,0.9589,0.9354,0.9833,0.9345
class,26,0.0690,0.0475,0.9474,0.9167,0.9643,0.9360,1.0000,0.9286
class,27,0.0681,0.0407,0.9605,0.9372,0.9679,0.9509,0.9833,0.9524
class,28,0.0707,0.0436,0.9518,0.9225,0.9673,0.9411,1.0000,0.9345
class,29,0.0674,0.0326,0.9518,0.9293,0.9512,0.9394,0.9500,0.9524
class,30,0.0682,0.0419,0.9605,0.9348,0.9732,0.9514,1.0000,0.9464
class,31,0.0652,0.0320,0.9737,0.9545,0.9821,0.9671,1.0000,0.9643
class,32,0.0628,0.0437,0.9605,0.9348,0.9732,0.9514,1.0000,0.9464
class,33,0.0647,0.0379,0.9649,0.9470,0.9655,0.9557,0.9667,0.9643
class,34,0.0632,0.0335,0.9518,0.9266,0.9565,0.9400,0.9667,0.9464
class,35,0.0648,0.0585,0.9342,0.9000,0.9554,0.9211,1.0000,0.9107
class,36,0.0625,0.0499,0.9386,0.9054,0.9583,0.9260,1.0000,0.9167
class,37,0.0654,0.0359,0.9605,0.9348,0.9732,0.9514,1.0000,0.9464
class,38,0.0620,0.0312,0.9605,0.9400,0.9625,0.9504,0.9667,0.9583
class,39,0.0618,0.0382,0.9605,0.9348,0.9732,0.9514,1.0000,0.9464
class,40,0.0587,0.0368,0.9605,0.9348,0.9732,0.9514,1.0000,0.9464
class,41,0.0564,0.0424,0.9518,0.9225,0.9673,0.9411,1.0000,0.9345
class,42,0.0577,0.0390,0.9605,0.9348,0.9732,0.9514,1.0000,0.9464
class,43,0.0582,0.0347,0.9693,0.9478,0.9792,0.9618,1.0000,0.9583
class,44,0.0616,0.0364,0.9649,0.9412,0.9762,0.9566,1.0000,0.9524
class,45,0.0558,0.0374,0.9649,0.9412,0.9762,0.9566,1.0000,0.9524
class,46,0.0593,0.0338,0.9605,0.9372,0.9679,0.9509,0.9833,0.9524
det,1,3.1546,2.6966,,0.3030,0.7646,0.5166,0.4222
det,2,2.9125,2.6368,,0.3395,0.7712,0.5208,0.4780
det,3,2.8424,2.6880,,0.3586,0.7602,0.5129,0.4652
det,4,2.8073,2.4150,,0.4700,0.6944,0.4782,0.3863
det,5,2.6539,2.2052,,0.5643,0.7200,0.5103,0.4715
det,6,2.5371,2.1824,,0.5943,0.7573,0.5389,0.4814
det,7,2.3561,1.9595,,0.6382,0.7186,0.5262,0.5429
det,8,2.3166,1.9975,,0.6513,0.7515,0.5421,0.5773
det,9,2.2895,1.9032,,0.6491,0.7493,0.5417,0.5380
det,10,2.2852,1.8177,,0.6842,0.7997,0.5784,0.5995
det,11,2.2196,1.8291,,0.6842,0.7800,0.5650,0.6098
det,12,2.1466,1.7949,,0.7149,0.7800,0.5634,0.6353
det,13,2.1401,1.7675,,0.7083,0.7946,0.5752,0.6024
det,14,2.1414,1.9597,,0.6711,0.6988,0.4964,0.5409
det,15,2.1305,1.8595,,0.7456,0.7551,0.5497,0.6442
det,16,2.0563,1.6326,,0.7917,0.8187,0.6073,0.7386
det,17,2.0914,1.7154,,0.7917,0.7880,0.5802,0.6874
det,18,2.0135,1.6548,,0.7675,0.7734,0.5705,0.6923
det,19,1.9896,1.6522,,0.7917,0.7990,0.5846,0.7249
det,20,1.9697,1.7087,,0.7719,0.7770,0.5654,0.6552
det,21,2.0319,1.7420,,0.8311,0.8319,0.6043,0.7798
det,22,1.9868,1.5484,,0.8311,0.8275,0.6122,0.7694
det,23,1.9296,1.5244,,0.8289,0.8363,0.6256,0.7575
det,24,1.9565,1.4991,,0.8377,0.8363,0.6169,0.7675
det,25,1.9411,1.6881,,0.8465,0.8582,0.6354,0.7930
det,26,1.9010,1.6498,,0.8085,0.8319,0.6111,0.7452
det,27,1.9875,1.5375,,0.8414,0.8494,0.6229,0.7935
det,28,1.9118,1.5104,,0.8289,0.8363,0.6198,0.7713
det,29,1.9137,1.5187,,0.8553,0.8626,0.6362,0.7923
det,30,1.9265,1.5383,,0.8465,0.8538,0.6393,0.8069
det,31,1.9034,1.5237,,0.8268,0.8275,0.6177,0.7752
det,32,1.8678,1.5183,,0.8465,0.8494,0.6337,0.7782
det,33,1.8947,1.5163,,0.8553,0.8494,0.6325,0.8107
det,34,1.8170,1.4884,,0.8662,0.8626,0.6461,0.8181
det,35,1.8404,1.4660,,0.8662,0.8670,0.6526,0.8115
det,36,1.8300,1.4761,,0.8567,0.8626,0.6510,0.8116
det,37,1.8042,1.4512,,0.8553,0.8626,0.6477,0.7991
det,38,1.8154,1.4340,,0.8596,0.8582,0.6499,0.8210
det,39,1.8093,1.4062,,0.8706,0.8713,0.6693,0.8340
det,40,1.7919,1.4609,,0.8684,0.8670,0.6567,0.8351
det,41,1.7751,1.4189,,0.8684,0.8757,0.6703,0.8218
det,42,1.8308,1.4268,,0.8662,0.8713,0.6606,0.8275
det,43,1.8365,1.4697,,0.8860,0.8823,0.6681,0.8570
det,44,1.8060,1.4131,,0.8706,0.8670,0.6655,0.8323
det,45,1.7910,1.4188,,0.8860,0.8779,0.6706,0.8433
det,46,1.8105,1.4323,,0.8662,0.8670,0.6573,0.8128
det,47,1.7879,1.4143,,0.8640,0.8604,0.6614,0.8037
det,48,1.8293,1.4414,,0.8684,0.8648,0.6524,0.8255
det,49,1.7697,1.4053,,0.8772,0.8735,0.6688,0.8357
det,50,1.7899,1.4585,,0.8596,0.8626,0.6483,0.8090
det,1,3.1266,2.7790,,0.3461,0.6637,0.4369,0.3290
det,2,2.9227,2.5903,,0.3955,0.7208,0.4905,0.3882
det,3,2.7983,2.4444,,0.5124,0.6842,0.4595,0.3867
det,4,2.7186,2.3575,,0.5833,0.6308,0.4283,0.4360
det,5,2.5967,2.2241,,0.6338,0.6557,0.4506,0.4750
det,6,2.4953,2.1640,,0.6404,0.7098,0.4824,0.5089
det,7,2.3883,1.9292,,0.5899,0.6550,0.4714,0.5087
det,8,2.3490,1.8922,,0.6996,0.7537,0.5420,0.6249
det,9,2.3028,1.8505,,0.6338,0.7317,0.5366,0.5309
det,10,2.2069,1.8201,,0.5987,0.7405,0.5368,0.5823
det,11,2.1968,1.8063,,0.5921,0.6681,0.4940,0.4913
det,12,2.1478,1.7814,,0.6667,0.7515,0.5502,0.6125
det,13,2.1800,1.8820,,0.7105,0.7822,0.5610,0.5944
det,14,2.0813,1.8866,,0.6623,0.7493,0.5449,0.5672
det,15,2.1332,1.7537,,0.7478,0.7844,0.5702,0.6578
det,16,2.0507,1.8135,,0.7325,0.7800,0.5578,0.6650
det,17,2.0480,1.6600,,0.7588,0.7800,0.5761,0.6934
det,18,2.0562,2.0868,,0.5373,0.5475,0.3928,0.3532
det,19,2.0453,1.7813,,0.7098,0.7580,0.5570,0.6234
det,20,1.9153,1.7709,,0.7785,0.8019,0.5802,0.6579
det,21,2.0070,1.6259,,0.8202,0.8282,0.6102,0.7506
det,22,2.0012,1.6633,,0.8289,0.8480,0.6186,0.8053
det,23,2.0072,1.6765,,0.7873,0.7909,0.5752,0.7290
det,24,1.9787,1.6418,,0.8136,0.8275,0.6095,0.7053
det,25,1.9417,1.6624,,0.8136,0.8107,0.5973,0.7602
det,26,1.9344,1.6100,,0.8443,0.8450,0.6199,0.7643
det,27,1.9450,1.5409,,0.8421,0.8494,0.6358,0.7858
det,28,1.9113,1.5178,,0.8421,0.8384,0.6196,0.8113
det,29,1.9361,1.5863,,0.8618,0.8560,0.6373,0.8252
det,30,1.8898,1.5326,,0.8487,0.8428,0.6284,0.7912
det,31,1.8226,1.5310,,0.8706,0.8604,0.6456,0.8303
det,32,1.9233,1.6580,,0.8377,0.8384,0.6066,0.7798
det,33,1.9148,1.4307,,0.8355,0.8406,0.6427,0.8097
det,34,1.8449,1.5171,,0.8531,0.8472,0.6407,0.8088
det,35,1.8678,1.4858,,0.8706,0.8692,0.6566,0.8201
det,36,1.8762,1.6835,,0.8070,0.8173,0.6077,0.7188
det,37,1.8710,1.5517,,0.8553,0.8516,0.6336,0.8058
det,38,1.7844,1.5435,,0.8377,0.8341,0.6199,0.7744
det,39,1.8190,1.4645,,0.8662,0.8604,0.6516,0.8217
det,40,1.8356,1.4961,,0.8596,0.8582,0.6469,0.8041
det,41,1.8216,1.4704,,0.8596,0.8538,0.6513,0.8244
det,42,1.8108,1.5902,,0.8377,0.8392,0.6248,0.8029
det,43,1.7882,1.5526,,0.8618,0.8538,0.6322,0.8164
det,44,1.7744,1.4994,,0.8838,0.8801,0.6596,0.8534
det,45,1.7797,1.4080,,0.8662,0.8626,0.6649,0.8107
det,46,1.7823,1.5189,,0.8355,0.8341,0.6345,0.7635
det,47,1.7725,1.4612,,0.8487,0.8494,0.6432,0.7998
det,48,1.8056,1.4884,,0.8443,0.8567,0.6443,0.8224
det,49,1.7024,1.3599,,0.8772,0.8735,0.6732,0.8317
det,50,1.7188,1.3961,,0.8531,0.8757,0.6725,0.8372
det,51,1.7182,1.4553,,0.8860,0.8735,0.6674,0.8465
det,52,1.7152,1.4415,,0.8618,0.8626,0.6576,0.8278
det,53,1.7426,1.4002,,0.8596,0.8567,0.6527,0.8153
det,54,1.7022,1.3997,,0.8860,0.8757,0.6749,0.8540
det,55,1.6796,1.4023,,0.8991,0.8867,0.6727,0.8702
det,56,1.6900,1.3566,,0.8794,0.8757,0.6763,0.8253
det,57,1.6357,1.4347,,0.8618,0.8589,0.6571,0.8271
det,58,1.7176,1.3498,,0.8882,0.8896,0.6837,0.8548
det,59,1.6742,1.3430,,0.8860,0.8787,0.6768,0.8604
det,60,1.6853,1.4341,,0.8596,0.8523,0.6532,0.8153
det,61,1.6190,1.3218,,0.8750,0.8699,0.6786,0.8447
det,62,1.6442,1.3206,,0.8969,0.8896,0.6878,0.8591
det,63,1.6832,1.4183,,0.8860,0.8787,0.6676,0.8537
det,64,1.6442,1.3913,,0.8706,0.8655,0.6729,0.8217
det,65,1.6697,1.4241,,0.8794,0.8713,0.6612,0.8420
det,66,1.6688,1.3579,,0.8618,0.8699,0.6691,0.8333
det,67,1.6350,1.3207,,0.8882,0.8801,0.6840,0.8520
det,68,1.6297,1.3275,,0.9035,0.8962,0.6925,0.8677
det,69,1.6266,1.3441,,0.8969,0.8918,0.6876,0.8620
det,70,1.6451,1.3369,,0.8903,0.8801,0.6741,0.8537
det,71,1.6180,1.3018,,0.8991,0.8896,0.6912,0.8705
det,72,1.6240,1.3840,,0.8903,0.8830,0.6704,0.8607
det,73,1.6029,1.3978,,0.8903,0.8801,0.6655,0.8542
det,74,1.6229,1.3108,,0.8882,0.8801,0.6853,0.8462
det,75,1.5774,1.3344,,0.8882,0.8845,0.6876,0.8495
det,76,1.5714,1.2812,,0.8991,0.8889,0.6964,0.8669
det,77,1.6115,1.3148,,0.8947,0.8845,0.6885,0.8607
det,78,1.5846,1.2894,,0.9057,0.8977,0.7013,0.8689
det,79,1.5752,1.3149,,0.8860,0.8801,0.6787,0.8470
det,80,1.5689,1.3173,,0.8882,0.8801,0.6825,0.8541
det,81,1.5594,1.2982,,0.8991,0.8918,0.6864,0.8650
det,82,1.5612,1.2986,,0.8991,0.8889,0.6868,0.8654
det,83,1.5533,1.2941,,0.9101,0.9020,0.7000,0.8738
det,84,1.5613,1.2955,,0.9101,0.8999,0.7016,0.8750
det,85,1.5427,1.2764,,0.8925,0.8845,0.6924,0.8652
det,86,1.5776,1.2846,,0.8903,0.8779,0.6861,0.8467
det,87,1.5760,1.2950,,0.8903,0.8801,0.6821,0.8509
det,88,1.5612,1.3036,,0.8903,0.8801,0.6811,0.8495
det,89,1.5572,1.3119,,0.8838,0.8787,0.6788,0.8530
det,90,1.5864,1.2895,,0.8969,0.8918,0.6875,0.8665
det,91,1.5276,1.2689,,0.8969,0.8889,0.7005,0.8633
det,92,1.5536,1.3202,,0.8947,0.8845,0.6782,0.8618
det,93,1.5324,1.3150,,0.8882,0.8801,0.6793,0.8507
det,94,1.5419,1.2573,,0.9013,0.8933,0.7013,0.8636
det,95,1.5591,1.2604,,0.9057,0.8977,0.7006,0.8753
det,96,1.5806,1.3091,,0.8991,0.8889,0.6888,0.8681
det,97,1.5631,1.2752,,0.9057,0.8955,0.6949,0.8742
det,98,1.5525,1.2783,,0.9035,0.8911,0.6944,0.8610
det,99,1.5425,1.2891,,0.8925,0.8874,0.6869,0.8633
det,100,1.5306,1.3252,,0.8947,0.8845,0.6814,0.8603
det,1,3.1970,2.7283,,0.4110,0.7339,0.4888,0.4053
det,2,2.9372,2.6969,,0.4607,0.7602,0.5077,0.4155
det,3,2.8970,2.5519,,0.5076,0.6944,0.4584,0.3432
det,4,2.8181,2.4331,,0.4937,0.7032,0.4709,0.3110
det,5,2.7327,2.3443,,0.5652,0.7317,0.4993,0.3937
det,6,2.5854,2.1586,,0.5859,0.7595,0.5308,0.4626
det,7,2.5240,1.9795,,0.6316,0.7756,0.5553,0.5186
det,8,2.4213,1.9883,,0.6319,0.7909,0.5700,0.5379
det,9,2.3430,1.8772,,0.6184,0.7778,0.5638,0.5136
det,10,2.2978,1.8474,,0.6506,0.7339,0.5295,0.5486
det,11,2.2727,1.9562,,0.6711,0.7624,0.5472,0.6104
det,12,2.2145,1.8405,,0.6601,0.7734,0.5576,0.5725
det,13,2.2471,1.7160,,0.6996,0.7602,0.5532,0.5990
det,14,2.1629,1.7937,,0.6937,0.7887,0.5734,0.5814
det,15,2.1535,1.8581,,0.6908,0.7968,0.5721,0.5991
det,16,2.1464,1.7535,,0.7412,0.8480,0.6092,0.6223
det,17,2.0932,1.7007,,0.7712,0.8384,0.6101,0.7214
det,18,2.1026,1.6605,,0.7939,0.8275,0.6180,0.7306
det,19,2.0793,1.7169,,0.7251,0.7624,0.5563,0.6422
det,20,2.0376,1.7045,,0.8077,0.8458,0.6193,0.7690
det,21,2.0536,1.7440,,0.7800,0.8319,0.6076,0.7607
det,22,2.0266,1.6442,,0.8136,0.8304,0.6080,0.7590
det,23,2.0114,1.6241,,0.7990,0.8121,0.6016,0.7197
det,24,1.9582,1.5748,,0.8355,0.8494,0.6238,0.7996
det,25,1.9685,1.5960,,0.7953,0.8501,0.6300,0.7667
det,26,1.9454,1.5597,,0.8567,0.8626,0.6374,0.7894
det,27,1.9408,1.7085,,0.8377,0.8458,0.6128,0.7899
det,28,1.9200,1.6292,,0.7997,0.8297,0.6037,0.7639
det,29,1.9556,1.6352,,0.8618,0.8604,0.6444,0.7935
det,30,1.9042,1.5658,,0.8246,0.8253,0.6137,0.7511
det,31,1.8666,1.5124,,0.8794,0.8867,0.6707,0.8585
det,32,1.9028,1.5556,,0.8399,0.8450,0.6255,0.8037
det,33,1.8980,1.4774,,0.8838,0.8801,0.6557,0.8586
det,34,1.8826,1.4241,,0.8706,0.8648,0.6630,0.8311
det,35,1.8352,1.5039,,0.8553,0.8735,0.6492,0.8366
det,36,1.8477,1.4828,,0.8640,0.8582,0.6369,0.8204
det,37,1.8113,1.4950,,0.8596,0.8538,0.6377,0.8139
det,38,1.7666,1.4539,,0.8553,0.8494,0.6451,0.8082
det,39,1.8278,1.4017,,0.8772,0.8735,0.6745,0.8462
det,40,1.8050,1.4338,,0.8772,0.8801,0.6616,0.8445
det,41,1.7871,1.4533,,0.8509,0.8450,0.6453,0.7981
det,42,1.8230,1.4414,,0.8611,0.8626,0.6448,0.8289
det,43,1.7823,1.4203,,0.8816,0.8779,0.6509,0.8473
det,44,1.7370,1.3938,,0.8575,0.8604,0.6529,0.8185
det,45,1.7427,1.3549,,0.8794,0.8735,0.6748,0.8486
det,46,1.7295,1.4398,,0.8509,0.8494,0.6437,0.7888
det,47,1.7269,1.3882,,0.8816,0.8779,0.6710,0.8529
det,48,1.7442,1.4732,,0.8487,0.8538,0.6304,0.8298
det,49,1.7297,1.3990,,0.8640,0.8626,0.6535,0.8242
det,50,1.7021,1.3540,,0.8969,0.8933,0.6811,0.8632
det,51,1.7002,1.4305,,0.8531,0.8494,0.6426,0.8273
det,52,1.7479,1.4602,,0.8816,0.8801,0.6503,0.8473
det,53,1.7074,1.3006,,0.8947,0.8889,0.6911,0.8645
det,54,1.6887,1.3218,,0.8750,0.8713,0.6701,0.8498
det,55,1.6863,1.4272,,0.8743,0.8735,0.6545,0.8477
det,56,1.6816,1.2810,,0.9057,0.8977,0.7048,0.8822
det,57,1.6890,1.3292,,0.8772,0.8845,0.6899,0.8670
det,58,1.6432,1.4895,,0.8684,0.8582,0.6404,0.8348
det,59,1.6531,1.4989,,0.8787,0.8757,0.6614,0.8465
det,60,1.6347,1.3172,,0.8772,0.8670,0.6727,0.8450
det,61,1.6363,1.2823,,0.8882,0.8801,0.6864,0.8579
det,62,1.6299,1.2940,,0.9050,0.9064,0.7080,0.8914
det,63,1.6488,1.3135,,0.8816,0.8757,0.6752,0.8505
det,64,1.6429,1.3142,,0.8925,0.8911,0.6808,0.8742
det,65,1.6312,1.3196,,0.8947,0.8889,0.6847,0.8606
det,66,1.5948,1.4648,,0.8553,0.8472,0.6323,0.8158
det,67,1.5807,1.2221,,0.9035,0.8933,0.6932,0.8684
det,68,1.5973,1.2497,,0.9079,0.9020,0.7032,0.8795
det,69,1.5782,1.2659,,0.9057,0.8977,0.6918,0.8870
det,70,1.5761,1.2627,,0.8925,0.8889,0.6988,0.8728
det,71,1.5922,1.2935,,0.8882,0.8801,0.6772,0.8538
det,72,1.5887,1.2829,,0.8816,0.8713,0.6774,0.8374
det,73,1.5826,1.2517,,0.9035,0.8933,0.6990,0.8697
det,74,1.5595,1.2558,,0.9013,0.8933,0.7011,0.8698
det,75,1.5519,1.2479,,0.9123,0.9020,0.7087,0.8807
det,76,1.5535,1.2800,,0.8860,0.8757,0.6876,0.8499
det,77,1.5544,1.2035,,0.9079,0.8977,0.7094,0.8761
det,78,1.5899,1.2309,,0.9101,0.9020,0.7075,0.8856
det,79,1.5200,1.3256,,0.8925,0.8845,0.6767,0.8677
det,80,1.5326,1.2562,,0.9101,0.8999,0.7041,0.8810
det,81,1.5633,1.2271,,0.9123,0.9020,0.7051,0.8863
det,82,1.5411,1.2766,,0.9145,0.9064,0.7006,0.8959
det,83,1.5502,1.2890,,0.9057,0.8977,0.6917,0.8734
det,84,1.5151,1.2444,,0.8969,0.8889,0.6991,0.8748
det,85,1.5504,1.2128,,0.9167,0.9108,0.7189,0.8921
det,86,1.5343,1.2511,,0.9035,0.8933,0.6991,0.8770
det,87,1.4928,1.1737,,0.9167,0.9064,0.7291,0.8929
det,88,1.5218,1.1615,,0.9145,0.9086,0.7233,0.8931
det,89,1.5079,1.2428,,0.8969,0.8889,0.7045,0.8694
det,90,1.5087,1.3029,,0.8838,0.8757,0.6750,0.8553
det,91,1.4668,1.2178,,0.9101,0.9020,0.7055,0.8833
det,92,1.4562,1.2612,,0.9079,0.8977,0.7001,0.8774
det,93,1.4605,1.2051,,0.8991,0.8889,0.6977,0.8714
det,94,1.5005,1.2483,,0.9013,0.8933,0.6984,0.8753
det,95,1.4914,1.2621,,0.9035,0.8933,0.6966,0.8745
det,96,1.5249,1.2798,,0.8947,0.8845,0.6903,0.8670
det,97,1.4961,1.2019,,0.8947,0.8845,0.7056,0.8676
det,98,1.4885,1.2013,,0.8991,0.8889,0.7079,0.8675
det,99,1.4582,1.2100,,0.9079,0.8977,0.7094,0.8767
det,100,1.4836,1.2486,,0.9123,0.9020,0.7036,0.8823
det,101,1.4937,1.2071,,0.9145,0.9064,0.7103,0.8924
det,102,1.4764,1.2190,,0.9057,0.8977,0.7129,0.8818
det,103,1.4794,1.2073,,0.8903,0.8801,0.6924,0.8601
det,104,1.4630,1.1983,,0.9145,0.9064,0.7152,0.8910
det,105,1.4874,1.1586,,0.9232,0.9152,0.7308,0.9004
det,106,1.4555,1.2023,,0.9145,0.9064,0.7158,0.8890
det,107,1.4331,1.1501,,0.9079,0.8977,0.7232,0.8764
det,108,1.4313,1.2570,,0.9145,0.9064,0.7001,0.8888
det,109,1.4521,1.1727,,0.9145,0.9064,0.7196,0.8952
det,110,1.4275,1.2098,,0.9145,0.9064,0.7120,0.8892
det,111,1.4250,1.2163,,0.9057,0.8977,0.7052,0.8827
det,112,1.4988,1.1995,,0.9101,0.9020,0.7155,0.8823
det,113,1.4373,1.1571,,0.9145,0.9064,0.7198,0.8948
det,114,1.4282,1.1746,,0.9189,0.9108,0.7223,0.8952
det,115,1.4621,1.1491,,0.9189,0.9108,0.7276,0.8952
det,116,1.4104,1.1712,,0.9079,0.8977,0.7168,0.8829
det,117,1.4272,1.1625,,0.9167,0.9064,0.7256,0.8941
det,118,1.4345,1.1399,,0.9211,0.9108,0.7250,0.8965
det,119,1.4157,1.1424,,0.9189,0.9108,0.7294,0.8964
det,120,1.4175,1.1445,,0.9189,0.9108,0.7217,0.8929
det,121,1.4009,1.1395,,0.9145,0.9064,0.7285,0.8941
det,122,1.4163,1.1536,,0.9079,0.8977,0.7202,0.8785
det,123,1.4434,1.1452,,0.9145,0.9064,0.7248,0.8945
det,124,1.3853,1.1879,,0.9079,0.8977,0.7139,0.8797
det,125,1.4041,1.1545,,0.9211,0.9108,0.7272,0.8941
det,126,1.3918,1.1518,,0.9211,0.9108,0.7268,0.8964
det,127,1.3840,1.1519,,0.9167,0.9064,0.7194,0.8956
det,128,1.3796,1.1288,,0.9101,0.9020,0.7291,0.8826
det,129,1.4111,1.1632,,0.9145,0.9064,0.7161,0.8942
det,130,1.4059,1.1605,,0.9145,0.9064,0.7206,0.8941
det,131,1.3564,1.1591,,0.9145,0.9064,0.7166,0.8904
det,132,1.3943,1.1769,,0.9057,0.8977,0.7106,0.8831
det,133,1.3896,1.1823,,0.9057,0.8977,0.7082,0.8764
det,134,1.3841,1.1610,,0.9101,0.9020,0.7152,0.8831
det,135,1.4085,1.1410,,0.9189,0.9108,0.7289,0.8971
det,136,1.3907,1.1597,,0.9145,0.9064,0.7212,0.8932
det,137,1.4330,1.1711,,0.9145,0.9064,0.7157,0.8952
det,138,1.4098,1.1598,,0.9189,0.9108,0.7238,0.8963
det,139,1.3823,1.1568,,0.9189,0.9108,0.7233,0.8960
det,140,1.4064,1.1648,,0.9189,0.9108,0.7220,0.8950
det,141,1.3883,1.1236,,0.9145,0.9064,0.7306,0.8938
det,142,1.4026,1.1483,,0.9189,0.9108,0.7268,0.8967
det,143,1.3922,1.1392,,0.9101,0.9020,0.7239,0.8809
det,144,1.3953,1.1470,,0.9145,0.9064,0.7234,0.8925
det,145,1.4164,1.1350,,0.9101,0.9020,0.7233,0.8812
det,146,1.3960,1.1538,,0.9145,0.9064,0.7206,0.8907
det,147,1.4162,1.1734,,0.9145,0.9064,0.7182,0.8897
det,148,1.3937,1.1151,,0.9145,0.9064,0.7307,0.8919
det,149,1.4224,1.1728,,0.9189,0.9108,0.7222,0.8928
det,150,1.3627,1.1085,,0.9101,0.9020,0.7294,0.8819
